 271
-0.5	1.5141	1.04247	2.70923	7.54201	27.1382
-0.49	1.51534	1.03782	2.62536	7.2432	25.9727
-0.48	1.51656	1.0335	2.54526	6.95763	24.8587
-0.47	1.51776	1.02951	2.46876	6.68471	23.7939
-0.46	1.51896	1.02583	2.39572	6.4239	22.7763
-0.45	1.52014	1.02244	2.32597	6.17465	21.8036
-0.44	1.52132	1.01935	2.25937	5.93645	20.8739
-0.43	1.52247	1.01652	2.19579	5.70883	19.9853
-0.42	1.52362	1.01396	2.1351	5.4913	19.136
-0.41	1.52475	1.01164	2.07715	5.28343	18.3242
-0.4	1.52587	1.00957	2.02185	5.08478	17.5483
-0.39	1.52698	1.00773	1.96907	4.89496	16.8068
-0.38	1.52808	1.0061	1.91869	4.71358	16.098
-0.37	1.52916	1.00469	1.87063	4.54025	15.4206
-0.36	1.53023	1.00348	1.82477	4.37463	14.7731
-0.35	1.53129	1.00247	1.78102	4.21638	14.1542
-0.34	1.53234	1.00164	1.73929	4.06518	13.5628
-0.33	1.53338	1.00099	1.69948	3.9207	12.9975
-0.32	1.5344	1.0005	1.66153	3.78266	12.4572
-0.31	1.53541	1.00019	1.62534	3.65077	11.9408
-0.3	1.53641	1.00002	1.59084	3.52477	11.4472
-0.29	1.5374	1.00001	1.55795	3.40439	10.9755
-0.28	1.53837	1.00015	1.52662	3.28938	10.5247
-0.27	1.53933	1.00041	1.49676	3.17951	10.0938
-0.26	1.54028	1.00082	1.46832	3.07456	9.68197
-0.25	1.54122	1.00134	1.44123	2.9743	9.28839
-0.24	1.54215	1.00199	1.41543	2.87853	8.91223
-0.23	1.54307	1.00276	1.39088	2.78706	8.55272
-0.22	1.54397	1.00363	1.36752	2.69969	8.20914
-0.21	1.54486	1.00462	1.34529	2.61625	7.88077
-0.2	1.54574	1.0057	1.32414	2.53656	7.56695
-0.19	1.54661	1.00689	1.30404	2.46046	7.26703
-0.18	1.54747	1.00816	1.28493	2.38779	6.9804
-0.17	1.54831	1.00953	1.26678	2.3184	6.70648
-0.16	1.54914	1.01098	1.24954	2.25214	6.4447
-0.15	1.54997	1.01251	1.23317	2.18889	6.19453
-0.14	1.55078	1.01413	1.21763	2.12851	5.95545
-0.13	1.55158	1.01582	1.2029	2.07086	5.72698
-0.12	1.55236	1.01758	1.18893	2.01585	5.50865
-0.11	1.55314	1.01941	1.17569	1.96334	5.3
-0.1	1.55391	1.02131	1.16316	1.91323	5.10063
-0.09	1.55466	1.02327	1.1513	1.86541	4.9101
-0.08	1.5554	1.02529	1.14008	1.81979	4.72804
-0.07	1.55613	1.02737	1.12948	1.77627	4.55408
-0.06	1.55685	1.02951	1.11947	1.73476	4.38784
-0.05	1.55756	1.0317	1.11002	1.69516	4.229
-0.04	1.55826	1.03395	1.10111	1.65741	4.07724
-0.03	1.55895	1.03624	1.09272	1.62141	3.93222
-0.02	1.55962	1.03858	1.08483	1.58709	3.79367
-0.01	1.56029	1.04096	1.07742	1.55439	3.66129
0	1.56094	1.04339	1.07045	1.52322	3.53482
0.01	1.56159	1.04586	1.06393	1.49352	3.41399
0.02	1.56222	1.04837	1.05782	1.46523	3.29855
0.03	1.56284	1.05092	1.05211	1.43829	3.18827
0.04	1.56345	1.0535	1.04678	1.41264	3.08293
0.05	1.56405	1.05612	1.04182	1.38822	2.98229
0.06	1.56464	1.05877	1.03722	1.36498	2.88617
0.07	1.56522	1.06146	1.03294	1.34288	2.79435
0.08	1.56579	1.06417	1.02899	1.32185	2.70666
0.09	1.56635	1.06692	1.02535	1.30186	2.6229
0.1	1.5669	1.06969	1.02201	1.28286	2.54291
0.11	1.56743	1.07249	1.01895	1.26481	2.46653
0.12	1.56796	1.07532	1.01616	1.24767	2.39358
0.13	1.56848	1.07817	1.01363	1.23139	2.32393
0.14	1.56898	1.08105	1.01135	1.21595	2.25743
0.15	1.56948	1.08394	1.00931	1.2013	2.19393
0.16	1.56997	1.08686	1.00749	1.18742	2.13332
0.17	1.57044	1.0898	1.0059	1.17426	2.07546
0.18	1.57091	1.09277	1.00452	1.16181	2.02023
0.19	1.57136	1.09575	1.00333	1.15002	1.96752
0.2	1.57181	1.09874	1.00234	1.13887	1.91722
0.21	1.57225	1.10176	1.00154	1.12833	1.86922
0.22	1.57267	1.10479	1.00091	1.11839	1.82343
0.23	1.57309	1.10784	1.00045	1.109	1.77974
0.24	1.5735	1.11091	1.00016	1.10015	1.73807
0.25	1.57389	1.11399	1.00001	1.09182	1.69832
0.26	1.57428	1.11708	1.00002	1.08398	1.66042
0.27	1.57466	1.12019	1.00017	1.07662	1.62428
0.28	1.57503	1.12331	1.00046	1.0697	1.58983
0.29	1.57539	1.12644	1.00088	1.06323	1.55699
0.3	1.57574	1.12959	1.00143	1.05716	1.5257
0.31	1.57608	1.13274	1.00209	1.0515	1.49588
0.32	1.57641	1.13591	1.00287	1.04621	1.46748
0.33	1.57673	1.13909	1.00376	1.04129	1.44044
0.34	1.57704	1.14228	1.00476	1.03672	1.41468
0.35	1.57735	1.14547	1.00586	1.03249	1.39017
0.36	1.57764	1.14868	1.00705	1.02857	1.36683
0.37	1.57793	1.1519	1.00834	1.02497	1.34464
0.38	1.5782	1.15512	1.00972	1.02165	1.32353
0.39	1.57847	1.15835	1.01118	1.01862	1.30345
0.4	1.57873	1.16159	1.01273	1.01586	1.28438
0.41	1.57898	1.16484	1.01435	1.01336	1.26625
0.42	1.57922	1.1681	1.01605	1.01111	1.24903
0.43	1.57946	1.17136	1.01782	1.00909	1.23269
0.44	1.57968	1.17463	1.01966	1.00731	1.21718
0.45	1.5799	1.1779	1.02157	1.00574	1.20247
0.46	1.58011	1.18117	1.02354	1.00438	1.18852
0.47	1.58031	1.18443	1.02557	1.00321	1.17531
0.48	1.5805	1.18768	1.02766	1.00225	1.16279
0.49	1.58068	1.19091	1.0298	1.00146	1.15095
0.5	1.58086	1.19414	1.032	1.00085	1.13975
0.51	1.58103	1.19735	1.03425	1.00041	1.12917
0.52	1.58119	1.20056	1.03655	1.00013	1.11917
0.53	1.58134	1.20375	1.0389	1.00001	1.10974
0.54	1.58149	1.20693	1.04129	1.00003	1.10085
0.55	1.58162	1.21009	1.04372	1.0002	1.09248
0.56	1.58175	1.21325	1.0462	1.0005	1.0846
0.57	1.58188	1.21639	1.04871	1.00093	1.0772
0.58	1.58199	1.21952	1.05126	1.00149	1.07025
0.59	1.5821	1.22264	1.05385	1.00217	1.06374
0.6	1.5822	1.22574	1.05648	1.00296	1.05764
0.61	1.5823	1.22884	1.05913	1.00387	1.05194
0.62	1.58239	1.23192	1.06182	1.00488	1.04663
0.63	1.58247	1.23498	1.06454	1.00599	1.04168
0.64	1.58254	1.23804	1.06729	1.00719	1.03708
0.65	1.58261	1.24108	1.07007	1.00849	1.03282
0.66	1.58267	1.2441	1.07287	1.00988	1.02888
0.67	1.58273	1.24712	1.0757	1.01135	1.02525
0.68	1.58278	1.25012	1.07856	1.01291	1.02191
0.69	1.58282	1.2531	1.08144	1.01454	1.01886
0.7	1.58286	1.25608	1.08434	1.01625	1.01608
0.71	1.5829	1.25904	1.08726	1.01802	1.01356
0.72	1.58292	1.26198	1.0902	1.01987	1.01128
0.73	1.58295	1.26491	1.09317	1.02179	1.00925
0.74	1.58297	1.26783	1.09615	1.02376	1.00744
0.75	1.58298	1.27073	1.09915	1.0258	1.00586
0.76	1.58299	1.27362	1.10217	1.0279	1.00448
0.77	1.583	1.2765	1.1052	1.03005	1.0033
0.78	1.583	1.27936	1.10826	1.03225	1.00232
0.79	1.583	1.28221	1.11132	1.03451	1.00152
0.8	1.583	1.28504	1.1144	1.03681	1.00089
0.81	1.583	1.28786	1.1175	1.03916	1.00044
0.82	1.583	1.29067	1.12061	1.04156	1.00015
0.83	1.583	1.29346	1.12373	1.04399	1.00001
0.84	1.583	1.29623	1.12687	1.04647	1.00003
0.85	1.583	1.29899	1.13001	1.04899	1.00018
0.86	1.583	1.30174	1.13317	1.05155	1.00047
0.87	1.583	1.30448	1.13634	1.05414	1.00089
0.88	1.583	1.30719	1.13952	1.05677	1.00144
0.89	1.583	1.3099	1.14271	1.05943	1.00211
0.9	1.583	1.31259	1.14591	1.06212	1.0029
0.91	1.583	1.31526	1.14912	1.06485	1.00379
0.92	1.583	1.31792	1.15233	1.0676	1.00479
0.93	1.583	1.32057	1.15556	1.07038	1.00589
0.94	1.583	1.3232	1.15879	1.07319	1.00709
0.95	1.583	1.32582	1.16203	1.07602	1.00838
0.96	1.583	1.32842	1.16528	1.07888	1.00976
0.97	1.583	1.33101	1.16854	1.08176	1.01123
0.98	1.583	1.33358	1.1718	1.08466	1.01278
0.99	1.583	1.33614	1.17507	1.08759	1.0144
1	1.583	1.33869	1.17834	1.09053	1.0161
1.01	1.583	1.34122	1.18161	1.0935	1.01788
1.02	1.583	1.34373	1.18487	1.09648	1.01972
1.03	1.583	1.34623	1.18811	1.09949	1.02163
1.04	1.583	1.34872	1.19135	1.10251	1.0236
1.05	1.583	1.35119	1.19457	1.10554	1.02563
1.06	1.583	1.35365	1.19779	1.1086	1.02772
1.07	1.583	1.35609	1.20099	1.11166	1.02987
1.08	1.583	1.35852	1.20418	1.11475	1.03207
1.09	1.583	1.36093	1.20735	1.11785	1.03432
1.1	1.583	1.36333	1.21052	1.12096	1.03662
1.11	1.583	1.36572	1.21367	1.12408	1.03897
1.12	1.583	1.36809	1.21681	1.12722	1.04136
1.13	1.583	1.37044	1.21994	1.13036	1.04379
1.14	1.583	1.37278	1.22306	1.13352	1.04627
1.15	1.583	1.37511	1.22616	1.13669	1.04879
1.16	1.583	1.37742	1.22925	1.13987	1.05134
1.17	1.583	1.37972	1.23233	1.14306	1.05393
1.18	1.583	1.382	1.2354	1.14626	1.05655
1.19	1.583	1.38427	1.23845	1.14947	1.05921
1.2	1.583	1.38652	1.24149	1.15269	1.0619
1.21	1.583	1.38876	1.24451	1.15592	1.06462
1.22	1.583	1.39099	1.24752	1.15915	1.06737
1.23	1.583	1.3932	1.25052	1.16239	1.07015
1.24	1.583	1.39539	1.25351	1.16564	1.07296
1.25	1.583	1.39758	1.25648	1.1689	1.07579
1.26	1.583	1.39974	1.25943	1.17216	1.07864
1.27	1.583	1.4019	1.26238	1.17543	1.08152
1.28	1.583	1.40404	1.26531	1.17871	1.08442
1.29	1.583	1.40616	1.26822	1.18197	1.08735
1.3	1.583	1.40827	1.27113	1.18523	1.09029
1.31	1.583	1.41037	1.27401	1.18847	1.09326
1.32	1.583	1.41245	1.27689	1.19171	1.09624
1.33	1.583	1.41451	1.27975	1.19493	1.09924
1.34	1.583	1.41657	1.28259	1.19814	1.10226
1.35	1.583	1.41861	1.28542	1.20134	1.1053
1.36	1.583	1.42063	1.28824	1.20453	1.10835
1.37	1.583	1.42264	1.29104	1.20771	1.11141
1.38	1.583	1.42464	1.29383	1.21087	1.1145
1.39	1.583	1.42662	1.29661	1.21402	1.11759
1.4	1.583	1.42859	1.29937	1.21716	1.1207
1.41	1.583	1.43054	1.30211	1.22029	1.12382
1.42	1.583	1.43248	1.30484	1.22341	1.12696
1.43	1.583	1.43441	1.30756	1.22651	1.13011
1.44	1.583	1.43632	1.31026	1.2296	1.13327
1.45	1.583	1.43822	1.31295	1.23267	1.13643
1.46	1.583	1.4401	1.31562	1.23574	1.13961
1.47	1.583	1.44197	1.31828	1.23879	1.1428
1.48	1.583	1.44383	1.32093	1.24182	1.146
1.49	1.583	1.44567	1.32356	1.24485	1.14921
1.5	1.583	1.4475	1.32617	1.24786	1.15243
1.51	1.583	1.44931	1.32877	1.25085	1.15565
1.52	1.583	1.45111	1.33136	1.25384	1.15889
1.53	1.583	1.4529	1.33393	1.25681	1.16213
1.54	1.583	1.45467	1.33649	1.25976	1.16538
1.55	1.583	1.45643	1.33903	1.2627	1.16863
1.56	1.583	1.45818	1.34156	1.26563	1.1719
1.57	1.583	1.45991	1.34407	1.26855	1.17517
1.58	1.583	1.46162	1.34657	1.27145	1.17844
1.59	1.583	1.46333	1.34905	1.27433	1.18171
1.6	1.583	1.46502	1.35152	1.27721	1.18496
1.61	1.583	1.4667	1.35398	1.28006	1.18821
1.62	1.583	1.46836	1.35642	1.28291	1.19145
1.63	1.583	1.47001	1.35885	1.28574	1.19467
1.64	1.583	1.47164	1.36126	1.28855	1.19788
1.65	1.583	1.47327	1.36365	1.29135	1.20108
1.66	1.583	1.47488	1.36604	1.29414	1.20427
1.67	1.583	1.47647	1.36841	1.29691	1.20745
1.68	1.583	1.47805	1.37076	1.29967	1.21061
1.69	1.583	1.47962	1.3731	1.30242	1.21377
1.7	1.583	1.48118	1.37542	1.30515	1.21691
1.71	1.583	1.48272	1.37773	1.30786	1.22004
1.72	1.583	1.48425	1.38003	1.31056	1.22315
1.73	1.583	1.48576	1.38231	1.31325	1.22626
1.74	1.583	1.48726	1.38457	1.31592	1.22935
1.75	1.583	1.48875	1.38683	1.31858	1.23242
1.76	1.583	1.49023	1.38906	1.32122	1.23549
1.77	1.583	1.49169	1.39129	1.32385	1.23854
1.78	1.583	1.49314	1.3935	1.32646	1.24158
1.79	1.583	1.49457	1.39569	1.32906	1.2446
1.8	1.583	1.496	1.39787	1.33165	1.24761
1.81	1.583	1.49741	1.40004	1.33422	1.25061
1.82	1.583	1.4988	1.40219	1.33677	1.2536
1.83	1.583	1.50019	1.40432	1.33931	1.25657
1.84	1.583	1.50156	1.40645	1.34184	1.25952
1.85	1.583	1.50291	1.40855	1.34435	1.26247
1.86	1.583	1.50426	1.41065	1.34685	1.2654
1.87	1.583	1.50559	1.41273	1.34933	1.26831
1.88	1.583	1.50691	1.41479	1.3518	1.27121
1.89	1.583	1.50821	1.41684	1.35425	1.2741
1.9	1.583	1.50951	1.41888	1.35669	1.27697
1.91	1.583	1.51079	1.4209	1.35912	1.27983
1.92	1.583	1.51205	1.42291	1.36153	1.28268
1.93	1.583	1.51331	1.42491	1.36392	1.28551
1.94	1.583	1.51455	1.42689	1.3663	1.28832
1.95	1.583	1.51578	1.42885	1.36867	1.29113
1.96	1.583	1.517	1.43081	1.37102	1.29392
1.97	1.583	1.5182	1.43274	1.37336	1.29669
1.98	1.583	1.51939	1.43467	1.37568	1.29945
1.99	1.583	1.52057	1.43658	1.37799	1.30219
2	1.583	1.52174	1.43847	1.38028	1.30492
2.01	1.583	1.52289	1.44035	1.38256	1.30764
2.02	1.583	1.52403	1.44222	1.38483	1.31034
2.03	1.583	1.52516	1.44408	1.38708	1.31303
2.04	1.583	1.52628	1.44592	1.38931	1.3157
2.05	1.583	1.52738	1.44774	1.39153	1.31836
2.06	1.583	1.52847	1.44956	1.39374	1.32101
2.07	1.583	1.52955	1.45135	1.39593	1.32363
2.08	1.583	1.53062	1.45314	1.39811	1.32625
2.09	1.583	1.53167	1.45491	1.40028	1.32885
2.1	1.583	1.53272	1.45667	1.40243	1.33144
2.11	1.583	1.53375	1.45841	1.40456	1.33401
2.12	1.583	1.53477	1.46014	1.40668	1.33656
2.13	1.583	1.53577	1.46186	1.40879	1.33911
2.14	1.583	1.53677	1.46356	1.41088	1.34163
2.15	1.583	1.53775	1.46525	1.41296	1.34415
2.16	1.583	1.53872	1.46692	1.41502	1.34665
2.17	1.583	1.53968	1.46858	1.41707	1.34913
2.18	1.583	1.54063	1.47023	1.41911	1.3516
2.19	1.583	1.54156	1.47186	1.42113	1.35405
2.2	1.583	1.54248	1.47348	1.42314	1.35649
